id,EAP,HPL,MWS
id02310,0.1896498372509053,0.10511985062089149,0.7052303121282032
id24541,0.5129779816286586,0.31503055666879654,0.1719914617025449
id00134,0.3770712614876104,0.5770544080454757,0.04587433046691377
id27757,0.5283585980834905,0.4072812397785004,0.06436016213800914
id04081,0.880131048891503,0.06785939360909665,0.052009557499400456
id27337,0.5298774688943549,0.413289380311426,0.05683315079421907
id24265,0.3958355288921492,0.5887648073682485,0.01539966373960238
id25917,0.3196220389293869,0.25554266892849,0.42483529214212323
id04951,0.9463071766053078,0.03353534091188005,0.02015748248281215
id14549,0.7680443940428094,0.04719841705582734,0.1847571889013631
id22505,0.18453154728239438,0.41778410324147464,0.3976843494761311
id24002,0.0677478137775895,0.8898343393596188,0.04241784686279166
id18982,0.41190664321124854,0.36532233827809973,0.2227710185106517
id15181,0.11413442747038885,0.86442305171293,0.021442520816681233
id21888,0.5647172065867486,0.16756576183493332,0.2677170315783181
id12035,0.005756264712106207,0.007862097590019467,0.9863816376978742
id17991,0.5041100142466691,0.08972525580676932,0.4061647299465616
id10707,0.9806077983345998,0.009461154635809927,0.009931047029590521
id07101,0.2520664263942302,0.35620983874668516,0.3917237348590847
id00345,0.7281221992842445,0.20285231057206074,0.06902549014369469
id05912,0.8510371949219417,0.09487056009070559,0.05409224498735266
id13443,0.925423530548612,0.03106146413708114,0.04351500531430678
id09248,0.18340492223684696,0.18717561899902835,0.6294194587641246
id17542,0.2753567000738997,0.6691802322249417,0.05546306770115856
id06995,0.14577556103409614,0.035894753523879136,0.8183296854420247
id25159,0.7640250817496812,0.039621395906118344,0.1963535223442004
id25729,0.5558640704040033,0.39069039151258816,0.05344553808340852
id26949,0.6778441034726563,0.19075098146999464,0.13140491505734894
id27191,0.26062363356018603,0.3312350568091136,0.4081413096307004
id07668,0.3152173018169872,0.0478480696848094,0.6369346284982034
id02230,0.1548638307133298,0.48095995197011415,0.36417621731655603
id15553,0.9096552221004939,0.06382758627056402,0.026517191628942074
id25688,0.10074694282764476,0.8353719315589998,0.06388112561335559
id17545,0.6622225240691835,0.24009343751268705,0.09768403841812942
id13929,0.1622712574126175,0.2974170362088685,0.540311706378514
id12880,0.5749178381006523,0.22325131978707446,0.2018308421122731
id19282,0.5946898853234981,0.1220985554383404,0.28321155923816144
id14690,0.061461384018636746,0.047833652204941686,0.8907049637764216
id17975,0.3231268558970656,0.48289500543524116,0.1939781386676932
id08037,0.6378155940398542,0.04649419431969568,0.31569021164045
id15412,0.30348048070672506,0.11178497103543612,0.5847345482578388
id25032,0.16994503576775435,0.07736323724971053,0.7526917269825351
id27165,0.8621573248423422,0.050237510156485005,0.08760516500117277
id03327,0.41346415690994615,0.38154793681938864,0.20498790627066513
id18515,0.5917216649754934,0.06507883574881165,0.3431994992756949
id21003,0.45330966203648315,0.10361669378225838,0.44307364418125855
id23855,0.04763247181220254,0.8119145540322629,0.14045297415553462
id20724,0.811162929757381,0.13121517829811963,0.0576218919444993
id13303,0.7410185864261474,0.06913849087184384,0.18984292270200886
id16521,0.05374119990816729,0.16784018094338557,0.7784186191484471
id20775,0.9145553227685277,0.07051055996295157,0.014934117268520848
id13029,0.7057568133902965,0.08149685969998131,0.21274632690972226
id14660,0.8145007643532469,0.1148449457746033,0.07065428987214971
id11028,0.015071794000801175,0.0050908211215500345,0.9798373848776489
id14180,0.9368923160259179,0.0336028286194375,0.02950485535464448
id25860,0.9708765093866742,0.022463119861381043,0.006660370751944775
id11910,0.7158186032985259,0.12202047670832684,0.16216091999314733
id08065,0.40119640710539944,0.2219201668137163,0.37688342608088443
id22674,0.12256896934674578,0.12014905240645762,0.7572819782467964
id25018,0.25956594827481944,0.15293690868647114,0.5874971430387094
id10892,0.3101899604273819,0.602692184534891,0.08711785503772722
id10217,0.2305367685994955,0.7359440104324908,0.033519220968013644
id12996,0.6302770640019951,0.22234625590201387,0.147376680095991
id18262,0.26875773302128647,0.25188866541820526,0.4793536015605082
id08606,0.03569098214617277,0.9393498156285967,0.02495920222523056
id17233,0.8659394580848797,0.04436826440353908,0.08969227751158129
id00101,0.4900126326681536,0.20773620347861232,0.3022511638532341
id12225,0.7845687617611214,0.10753181526054782,0.10789942297833072
id01364,0.12882205225540588,0.7881185398571903,0.0830594078874038
id24973,0.812426062893588,0.06819544817910587,0.11937848892730604
id25363,0.7106620425937421,0.050291462792843,0.23904649461341484
id10061,0.5201908516498255,0.07869950455323842,0.40110964379693614
id17673,0.14118258094551592,0.6130866141785112,0.2457308048759729
id13249,0.7236382960263774,0.11776795247396944,0.1585937514996531
id10107,0.05575514509784751,0.04751121306974456,0.8967336418324079
id04403,0.6358807834729363,0.07819974364084249,0.2859194728862211
id25728,0.8797181459898874,0.03344137837088935,0.08684047563922309
id16184,0.734323149370048,0.10471959269178072,0.16095725793817137
id03438,0.06501845932648692,0.004123008262296816,0.9308585324112162
id22923,0.20442956765932507,0.7257424633336673,0.06982796900700763
id08610,0.843151619935599,0.08748685850743107,0.06936152155697006
id25355,0.13318597465694626,0.17750505883253564,0.689308966510518
id16916,0.4103330611286704,0.545417696956342,0.044249241914987476
id12793,0.23768739856010324,0.6638851493826053,0.09842745205729148
id11859,0.6731853190084345,0.058119676085988,0.2686950049055776
id02434,0.9517659081263795,0.028775327996369626,0.019458763877250936
id27703,0.017503133520676527,0.03436202694843311,0.9481348395308904
id25212,0.2827856830868848,0.6595565382930952,0.05765777862001999
id11308,0.12070340576833484,0.4063582533355693,0.47293834089609593
id26094,0.47044308204870877,0.18850579733826917,0.34105112061302206
id22080,0.775678489112901,0.21817303775039598,0.006148473136702934
id03545,0.8116772426854268,0.15485549841853027,0.033467258896042976
id23725,0.0989687079606097,0.1292696563384405,0.7717616357009497
id12009,0.7198271289236083,0.20338991844824308,0.07678295262814851
id24241,0.4440960518786223,0.32684087746597124,0.22906307065540638
id03596,0.15137905166461504,0.755385799121297,0.09323514921408804
id10749,0.36667980270024797,0.3581197837826157,0.2752004135171362
id22794,0.02174909635013547,0.06485658136907717,0.9133943222807874
id15482,0.2680045609833802,0.16752696769688225,0.5644684713197375
id04833,0.4310384932552911,0.4384962193769179,0.130465287367791
id00397,0.35138635747089075,0.01576428788788196,0.6328493546412273
id14691,0.26325423837058254,0.13092982015581078,0.6058159414736067
id05193,0.21025134948710408,0.16526306214434333,0.6244855883685526
id19541,0.836435146854462,0.09660790995953483,0.06695694318600308
id22166,0.048338446122276654,0.03719340146422461,0.9144681524134988
id20744,0.07777345985930055,0.11424698531638881,0.8079795548243106
id10392,0.022299227955021254,0.06229462397192918,0.9154061480730495
id00770,0.8778345887853695,0.05995435068748903,0.06221106052714163
id06018,0.1861411939103285,0.7013133344173215,0.11254547167234993
id15678,0.2706597608626411,0.08234120021706358,0.6469990389202953
id08305,0.818639909340394,0.14967391332355867,0.03168617733604734
id08903,0.6134750390771413,0.16769717954928287,0.21882778137357592
id14752,0.6573463228373677,0.24360837972103203,0.09904529744160025
id12468,0.35273713928137673,0.599457837808348,0.0478050229102753
id05085,0.5319079925825635,0.3202820836664118,0.1478099237510246
id21993,0.19356817528917689,0.024225253666796856,0.7822065710440262
id15503,0.4894821014610374,0.4633323534943505,0.047185545044612046
id03021,0.02567191622460809,0.8642320224616391,0.11009606131375275
id16123,0.8891283813019061,0.068667820177388,0.04220379852070604
id19383,0.8600693209962136,0.0910920028725085,0.048838676131277896
id04186,0.9474400237827882,0.028495202337904646,0.024064773879307156
id17954,0.06222356599178712,0.01480233761039257,0.9229740963978202
id12030,0.04901484990045252,0.022042148121102754,0.9289430019784447
id13020,0.7262192349880098,0.21115007246856105,0.0626306925434292
id25327,0.08321263161022904,0.5407281564582602,0.37605921193151076
id16344,0.1874827055347459,0.20946774080450045,0.6030495536607536
id12303,0.28590237998692686,0.5656499483160188,0.14844767169705433
id15017,0.8399233482435471,0.10474396566803054,0.05533268608842233
id22308,0.5258501133325725,0.07850204156662852,0.3956478451007991
id06536,0.06027028883840261,0.10640440132447232,0.833325309837125
id19797,0.10541624333562247,0.6988042764745211,0.19577948018985625
id06332,0.31456847177524344,0.4146836610750067,0.27074786714974985
id22941,0.37783711106235,0.4109859445694412,0.21117694436820877
id13547,0.04377548062957089,0.2729105606374489,0.6833139587329802
id06928,0.24342314060830983,0.020278562843420948,0.7362982965482692
id12521,0.5817627699660262,0.2950649305124321,0.12317229952154164
id25716,0.6285443446648215,0.03008658064762012,0.34136907468755845
id27116,0.0010223810827253872,0.0007964072282951314,0.9981812116889796
id19941,0.30229078161525313,0.5213805752399678,0.17632864314477906
id05711,0.010773746801634307,0.046779496487203136,0.9424467567111625
id02097,0.06155140938204391,0.07859592603783258,0.8598526645801235
id03563,0.04445219918996991,0.9281797019402156,0.027368098869814433
id02295,0.21276908186837384,0.5007576352304728,0.28647328290115337
id08179,0.9198316037002761,0.02583041135933133,0.05433798494039254
id05332,0.18331605631940284,0.7145179218680572,0.10216602181253998
id15697,0.3178243691229335,0.31920096751937593,0.3629746633576906
id17026,0.3615764910159479,0.14759004523928584,0.4908334637447662
id04243,0.8121213171530248,0.08766215509328461,0.1002165277536906
id13175,0.9029774289892656,0.057035167118002016,0.03998740389273235
id05387,0.8113792515411211,0.10077905615349643,0.08784169230538241
id19989,0.5691651743665058,0.2217560013057458,0.20907882432774832
id25173,0.4206841445171912,0.21300895189541602,0.36630690358739276
id08925,0.07024900129227302,0.890835891382479,0.03891510732524795
id03034,0.08325027799934565,0.7805172444352496,0.13623247756540466
id13272,0.26847168002893146,0.5413234168606798,0.19020490311038876
id07956,0.8964315136042745,0.05682569424492137,0.0467427921508041
id02648,0.21789381995063647,0.03701929183001902,0.7450868882193445
id01778,0.4137556200452706,0.012272508279224093,0.5739718716755053
id12846,0.03607523654256018,0.026779817690783518,0.9371449457666562
id19001,0.3976673865942296,0.09138506314951089,0.5109475502562594
id05763,0.8884345250616066,0.02879433587564591,0.08277113906274754
id15590,0.1408257936896663,0.05264797942697739,0.8065262268833563
id04912,0.5299837912009301,0.26094871993470975,0.2090674888643602
id21201,0.6043107395846157,0.18250177135548865,0.2131874890598957
id13215,0.9639182157051397,0.015895638274264153,0.020186146020596075
id15612,0.20592252165070796,0.7049161614819415,0.0891613168673506
id18501,0.26615887021625495,0.17179121986921564,0.5620499099145294
id07223,0.40859373888964917,0.48556672915624505,0.10583953195410573
id06707,0.7026107351156354,0.14894531460420138,0.1484439502801632
id05238,0.04640315012416691,0.9153987468228281,0.03819810305300488
id00935,0.1640854139841176,0.33085221845100027,0.5050623675648821
id00110,0.651517188386357,0.20165967946856894,0.14682313214507406
id17476,0.7523134578604528,0.17371599772590837,0.07397054441363886
id15170,0.7832004191505648,0.0857821636260367,0.1310174172233984
id13397,0.343950987630392,0.14641549453441227,0.5096335178351957
id24283,0.6386063296474196,0.2669922142075166,0.09440145614506386
id15234,0.922714664711239,0.056189053140945744,0.021096282147815313
id16884,0.3741684524533469,0.22868389863583186,0.3971476489108212
id07831,0.31797488423578085,0.5502063159901555,0.1318187997740637
id16038,0.9068519884365933,0.06359448588979082,0.029553525673615983
id03629,0.8154457180422796,0.08280004291494848,0.10175423904277184
id21019,0.7227464128032781,0.1346881838099942,0.14256540338672763
id21835,0.5655196079659467,0.1552768821944212,0.2792035098396321
id04480,0.2525597746165674,0.6954956224426905,0.051944602940742025
id20838,0.5629453734121825,0.37847123415733624,0.05858339243048135
id24195,0.06554182440400712,0.3238680679831837,0.6105901076128093
id05448,0.6045319309668696,0.28942944524637093,0.10603862378675949
id15957,0.03209053840094415,0.9549835739205733,0.012925887678482543
id19956,0.0654993232937304,0.012675542687253405,0.9218251340190162
id15104,0.18265677305578046,0.1829432848046771,0.6343999421395424
id17559,0.5560830769541415,0.27045091122341036,0.1734660118224481
id16839,0.6235689161540858,0.10599726977804003,0.27043381406787415
id14493,0.5186013746985666,0.05545155676774559,0.4259470685336878
id08833,0.4565203146052866,0.13489121665243273,0.40858846874228066
id15723,0.1533852615134839,0.1967676617422858,0.6498470767442303
id02716,0.7372143074882067,0.16611091289211544,0.09667477961967785
id06689,0.08476432396974659,0.854145277773554,0.06109039825669946
id18837,0.22748558872302355,0.4129683900433966,0.35954602123357987
id04466,0.6994777298330114,0.21573227716173912,0.08478999300524942
id00686,0.7893120517923089,0.05658411016506273,0.15410383804262837
id09010,0.3993474189225501,0.5040141853194536,0.09663839575799624
id23353,0.8011121768455144,0.1061304427613069,0.09275738039317871
id00066,0.782610009577597,0.05166958735979066,0.1657204030626122
id15724,0.1341308517072153,0.4603597341093409,0.4055094141834438
id23486,0.19605430120537842,0.013908386771373595,0.790037312023248
id22258,0.12165024523167296,0.0851418344385396,0.7932079203297874
id02292,0.8800643488914974,0.050904259457301,0.06903139165120149
id16356,0.47656771172482887,0.08249529209011067,0.4409369961850606
id00235,0.8671529750667372,0.05185980025840046,0.08098722467486244
id25522,0.19692839869593348,0.05975631933664116,0.7433152819674254
id04204,0.06305086346998637,0.8853665853344038,0.05158255119560975
id22016,0.529260247633899,0.12095869102416354,0.3497810613419374
id06480,0.16771450747786185,0.7901641576659795,0.04212133485615872
id08718,0.5108750212478452,0.1614907065989024,0.32763427215325236
id05251,0.09473254805182192,0.8265825577527386,0.07868489419543949
id03359,0.614630366581378,0.21454498437765307,0.17082464904096895
id16117,0.1497270805690208,0.03880114724632517,0.811471772184654
id17000,0.14941514388737226,0.7950034932088357,0.055581362903792175
id01730,0.1682222374077119,0.7525420423397011,0.07923572025258709
id00630,0.634263441118473,0.3107524103139867,0.05498414856754028
id18175,0.2211724130116644,0.11912926621682002,0.6596983207715156
id00907,0.6142745637587629,0.17255076477951153,0.21317467146172553
id18251,0.16628680143913513,0.8152067390036959,0.018506459557169133
id25861,0.8405261363167206,0.0783259994153784,0.08114786426790101
id00398,0.6462279546605957,0.20592111137945704,0.14785093395994722
id27573,0.9576550575392858,0.011427174657948274,0.030917767802765804
id10022,0.0629929839114337,0.804428005364325,0.13257901072424114
id15901,0.25178988421078563,0.04874236206777907,0.6994677537214352
id00451,0.24644137969122842,0.14431339062722895,0.6092452296815426
id23129,0.2741619622479728,0.6189621946863411,0.10687584306568614
id26498,0.5329556646358728,0.2039703147853726,0.2630740205787547
id14741,0.17849642997400875,0.16003975032388157,0.6614638197021098
id18453,0.4245387894413273,0.09253767969624144,0.4829235308624314
id08309,0.865785934415561,0.06671117691145906,0.06750288867297982
id00320,0.7657563753391586,0.12011500886515855,0.11412861579568277
id07688,0.24909538684722782,0.08031819909859035,0.6705864140541818
id01556,0.02461537622387026,0.0021678474569226227,0.9732167763192071
id00178,0.35229422318541603,0.1864133312479736,0.4612924455666104
id18902,0.07843020216576879,0.06642010714913833,0.8551496906850928
id27002,0.5696444157563201,0.36333313649959886,0.06702244774408093
id21418,0.9160666017640728,0.044160922481457636,0.03977247575446951
id23018,0.4116042216101592,0.29730688141526496,0.2910888969745758
id07032,0.3958046978356013,0.3718063486342317,0.23238895353016706
id16195,0.6664948519976043,0.08924043200026535,0.2442647160021305
id11202,0.27666157918031814,0.41791706194127154,0.30542135887841043
id09578,0.592084127401782,0.08266377616794848,0.32525209643026953
id26984,0.7332566456511428,0.0710649234954707,0.1956784308533865
id19856,0.0979322911489463,0.8566209538885468,0.04544675496250685
id12086,0.6782272647159893,0.10125483919464556,0.22051789608936498
id12052,0.09963413080754019,0.1570927157982302,0.7432731533942295
id17728,0.04807807461661453,0.04914094818478786,0.9027809771985976
id24608,0.5982037968615584,0.21700029738420168,0.1847959057542399
id21097,0.20132754233707717,0.16655080670820566,0.6321216509547172
id20179,0.1068713092411385,0.03944314822211561,0.8536855425367459
id15144,0.43520201882509413,0.5285325116014342,0.03626546957347164
id00206,0.9156828164584806,0.04020333901862212,0.044113844522897266
id22285,0.0618542319132167,0.015339185550011469,0.9228065825367718
id06417,0.3302376173611743,0.4808143031196364,0.18894807951918935
id00215,0.0835927975713816,0.904412765631983,0.011994436796635343
id04201,0.10063146982434049,0.04216302727481229,0.8572055029008472
id21771,0.7292848779768936,0.18910172233322406,0.08161339968988231
id12451,0.13992602097689616,0.13799919745454867,0.7220747815685551
id14250,0.06256885555669846,0.7543170500426316,0.1831140944006698
id03433,0.08646249643948875,0.7930520509044504,0.12048545265606074
id03303,0.2882456746306655,0.13962774519414778,0.5721265801751867
id25901,0.28649084970257144,0.45136834647207164,0.26214080382535687
id06945,0.7634879130735834,0.04966364439790879,0.18684844252850794
id05664,0.26459217937271956,0.5755437460753997,0.15986407455188065
id05741,0.9315046854739238,0.038395012290133756,0.03010030223594235
id10652,0.6048770139344276,0.09896896772515451,0.296154018340418
id16300,0.8442772827877387,0.05144930771296874,0.1042734094992926
id12319,0.3285017340247071,0.2952154577926236,0.37628280818266935
id07500,0.061445326632976506,0.9189774390356519,0.019577234331371693
id12478,0.37789416643542584,0.3673411400467347,0.2547646935178394
id03076,0.27378008534642745,0.0655228777223154,0.6606970369312573
id00969,0.19143688013797594,0.6768190133366832,0.1317441065253408
id23636,0.18527652824847848,0.5462390374246491,0.2684844343268723
id09791,0.1356290422957237,0.16155437416147178,0.7028165835428045
id05680,0.11825368631660896,0.49051512668858677,0.39123118699480425
id03672,0.2547174777933504,0.6418770958078321,0.10340542639881749
id04286,0.09925780494993394,0.7680719807428156,0.13267021430725032
id23883,0.05244272745474572,0.5372989251113216,0.41025834743393275
id11914,0.6921346724295417,0.06779862441790833,0.24006670315254988
id20974,0.1406669779095752,0.8191156852038708,0.04021733688655399
id26125,0.25997263272248816,0.4147368428357784,0.3252905244417335
id15543,0.2917794133157046,0.22467493191803714,0.48354565476625816
id19471,0.8922650184235104,0.03481400686938075,0.0729209747071089
id11503,0.6963202199575116,0.18754365710251028,0.11613612293997821
id09321,0.08423068929430326,0.728687943881214,0.18708136682448273
id25560,0.0068708527626423115,0.010696213877256396,0.9824329333601014
id06726,0.2032466316513165,0.2518891708204473,0.5448641975282362
id05709,0.8826328192742426,0.025507250020723318,0.09185993070503422
id09788,0.4906664146799138,0.23621359575193004,0.27311998956815614
id05289,0.824705872719378,0.09736005732611659,0.07793406995450541
id11815,0.0653557679315235,0.8876212185770875,0.04702301349138897
id22422,0.35586798852485196,0.377982081378881,0.26614993009626703
id25954,0.7631539176937553,0.09945603052256288,0.13739005178368183
id13601,0.4731054917931289,0.32751542046604026,0.1993790877408309
id05677,0.851718663354191,0.029732401964476456,0.11854893468133246
id10498,0.12818396400196408,0.8094853756093734,0.062330660388662446
id02665,0.5516355478078354,0.3084363850101659,0.13992806718199866
id10114,0.10784467570571707,0.7951323966636786,0.09702292763060429
id26314,0.7810058447223135,0.1338828679969376,0.08511128728074902
id21240,0.46894354945754047,0.15614922931175054,0.37490722123070896
id15569,0.8859057716398995,0.06611196317584611,0.047982265184254504
id25928,0.2314666272425833,0.2994319957093732,0.46910137704804356
id22706,0.363926567222892,0.5221351303970175,0.1139383023800904
id20877,0.017894095313312635,0.9300127149706033,0.05209318971608406
id04318,0.7868105507486541,0.0825901659152567,0.1305992833360892
id18299,0.06324520153015437,0.8913011300586697,0.04545366841117584
id08126,0.11618196908019554,0.012282374864058134,0.8715356560557463
id14293,0.40533349524774376,0.024464061454200423,0.5702024432980558
id12759,0.9282390371269421,0.031045571143014584,0.04071539173004327
id11983,0.43247003808577816,0.13260034789432015,0.43492961401990177
id05580,0.2702356808404106,0.4960959332232944,0.23366838593629496
id25846,0.32808629120093286,0.4979205424830254,0.1739931663160418
id01939,0.36635163482153077,0.07842752969064506,0.5552208354878242
id26327,0.1808677818745825,0.43639824868112825,0.3827339694442893
id11068,0.10479284216908745,0.0611632439460728,0.8340439138848398
id08404,0.8699302520595903,0.028611390323743276,0.10145835761666637
id27189,0.8273506106985853,0.12487874196340773,0.047770647338006955
id15119,0.2249436945819288,0.5853349090703873,0.18972139634768387
id26525,0.8116488271455453,0.09816072873189342,0.0901904441225614
id03618,0.5953252800255081,0.22811914891034052,0.17655557106415137
id27220,0.850054254666743,0.08166175698292447,0.06828398835033254
id18777,0.18229116344159038,0.025905384093648006,0.7918034524647616
id20213,0.7402568280971659,0.1543640936521469,0.10537907825068717
id20403,0.5650060364090048,0.20226978565335987,0.2327241779376352
id03777,0.23836783942040182,0.3045103162008119,0.4571218443787863
id10595,0.20919473216831297,0.6823531080322384,0.10845215979944878
id13816,0.49205353432094434,0.0605504737317906,0.447395991947265
id05667,0.2147441345725291,0.09760222685451855,0.6876536385729525
id24629,0.5599764527469986,0.07086429348555474,0.3691592537674468
id20398,0.21119864240499323,0.26513569122329217,0.5236656663717145
id14108,0.0878074354362669,0.041652064738381754,0.8705404998253514
id06196,0.10547854275511771,0.8549896546274788,0.03953180261740343
id02800,0.24597799690466698,0.5312051174300962,0.22281688566523675
id18732,0.06012476592706841,0.8797556012769826,0.060119632795949014
id11915,0.06023714482157533,0.9097944946068636,0.029968360571561173
id09739,0.6307410538311714,0.23153117195317827,0.13772777421565038
id24672,0.8436699027180593,0.10966316339970392,0.04666693388223684
id00414,0.04108138420061102,0.2655130273405816,0.6934055884588075
id16307,0.7759948361176348,0.13009819578517254,0.09390696809719278
id14043,0.24210888434833744,0.12333748438322374,0.6345536312684389
id00517,0.003606502765501871,0.006694201212382465,0.9896992960221158
id09744,0.7186173206069177,0.24043729423100274,0.04094538516207954
id19257,0.7242607805979034,0.14907263328861617,0.12666658611348053
id15437,0.7339093113533683,0.2264095083791448,0.03968118026748692
id16352,0.173196753680735,0.12073500519625859,0.7060682411230065
id18849,0.366998819896952,0.09682678169753252,0.5361743984055155
id19434,0.02551832033790579,0.9508574170765972,0.023624262585496946
id17928,0.2971569931963289,0.07196766949045541,0.6308753373132158
id16896,0.07977256386230586,0.04773480665587435,0.8724926294818198
id02135,0.20473023158689366,0.40819461033523685,0.3870751580778695
id15075,0.7391930560153059,0.11950106886549057,0.1413058751192035
id27486,0.06896816705643588,0.8222077066811787,0.10882412626238541
id19422,0.6848486203742057,0.15495966306747685,0.16019171655831735
id09603,0.2864879424300509,0.6219152101051098,0.09159684746483929
id02133,0.3631728128908353,0.5107345026364073,0.12609268447275734
id03441,0.6571707249302797,0.03507855898725185,0.30775071608246835
id02398,0.2977882433816122,0.6377874175843982,0.06442433903398974
id05152,0.08159297791668688,0.06166770216716461,0.8567393199161485
id17838,0.6386683332872051,0.09915655010945752,0.26217511660333737
id25060,0.7673445227386397,0.18172567175087737,0.05092980551048292
id09998,0.2181764451712841,0.18168285922709307,0.6001406956016229
id01828,0.19273187729782912,0.52627064905251,0.28099747364966077
id25377,0.35489579679405275,0.15381476206948116,0.4912894411364662
id22175,0.023432223927936854,0.9652204392597107,0.011347336812352378
id02974,0.18842283239777244,0.04905525847269633,0.7625219091295313
id26955,0.9613935153258361,0.032596603119095464,0.006009881555068311
id21091,0.824539504942367,0.10780519300530983,0.0676553020523232
id12802,0.9423479781512011,0.02541741454163102,0.03223460730716799
id07432,0.03341037458297197,0.9292094338968627,0.0373801915201652
id18749,0.3032456677059055,0.26792511541474134,0.42882921687935316
id15030,0.04843036605134622,0.13393746947049567,0.8176321644781581
id17155,0.21823455573995837,0.6086664819557391,0.1730989623043025
id08128,0.13041357469417197,0.5172318803169781,0.3523545449888499
id25706,0.013815634063114254,0.7927151619912466,0.19346920394563927
id15645,0.8028827819440074,0.12363108326101127,0.0734861347949813
id04943,0.6550740997105755,0.11551982799414455,0.2294060722952799
id27566,0.0794098627879275,0.03177998473403093,0.8888101524780415
id11765,0.5651254594828305,0.1606999063738207,0.2741746341433487
id13783,0.45873568251911445,0.4546757540908172,0.08658856339006842
id00492,0.14276515686147903,0.07733310982272898,0.7799017333157919
id27636,0.1055036595504633,0.22794268339101986,0.6665536570585169
id04273,0.7792826853794064,0.14406151507300854,0.07665579954758509
id02537,0.19529086841969792,0.2875712958808499,0.5171378356994522
id24349,0.6179362172363813,0.29879926832269843,0.08326451444092021
id00023,0.018773367318557697,0.8954318207353933,0.08579481194604885
id23025,0.2389169016812888,0.7328888194236303,0.028194278895080957
id08722,0.7761527407182742,0.10126853710245659,0.12257872217926903
id02420,0.8812232092501465,0.08656276075835412,0.03221402999149941
id10811,0.8143878927475727,0.06716807672410936,0.1184440305283179
id04019,0.049566068365705394,0.09763053397420468,0.85280339766009
id18334,0.7735009047336485,0.1504194893763146,0.07607960589003684
id16781,0.48993912735441303,0.3627457283357834,0.14731514430980358
id08773,0.6572873238961199,0.21474577800859124,0.1279668980952889
id19214,0.33909631717169597,0.34595544458896055,0.3149482382393434
id09589,0.05013539877213506,0.7135163176705734,0.2363482835572914
id24246,0.6490774770565565,0.17806356187439912,0.1728589610690444
id23577,0.5180252110250126,0.4575990762235502,0.0243757127514372
id09305,0.7870069828276112,0.07334592697667447,0.13964709019571442
id16460,0.5405269977666389,0.1921565792847377,0.26731642294862346
id21115,0.7251229231475514,0.15674189022610385,0.11813518662634469
id25996,0.4368744897829116,0.12044946203588157,0.4426760481812069
id02551,0.06088710265207496,0.08230545386750296,0.856807443480422
id19352,0.08828858650092244,0.01676412417947485,0.8949472893196027
id03806,0.19184187891659732,0.05500228355411849,0.7531558375292842
id26544,0.7775857829100133,0.08615640949598505,0.1362578075940016
id18761,0.8585411931682161,0.04897462681634807,0.09248418001543589
id24148,0.2633811120034937,0.6317463195538944,0.10487256844261202
id16095,0.17853832245181497,0.6609202624387129,0.1605414151094721
id18442,0.4149883751564571,0.26760550366608965,0.31740612117745337
id22596,0.002811338747270279,0.001051261688370549,0.9961373995643592
id23002,0.16108234654928766,0.05762856480305052,0.7812890886476618
id04797,0.9143375831022922,0.056195119139532235,0.029467297758175744
id06610,0.19991722799412984,0.053878759352852496,0.7462040126530176
id16173,0.36581475892305776,0.49483174818029435,0.13935349289664795
id18292,0.21311345229292472,0.2319889820851281,0.5548975656219471
id27328,0.8700955037599601,0.05078503321771005,0.07911946302232988
id01695,0.5047216002067542,0.4379106314082413,0.0573677683850045
id05761,0.5638539754146935,0.11327285888839987,0.32287316569690666
id16354,0.8889205168369535,0.0514018477417427,0.05967763542130385
id12207,0.16188855372946553,0.5033185214825275,0.33479292478800693
id05665,0.34029942165751437,0.04233668345834467,0.617363894884141
id01911,0.6697858200080297,0.21165937729688952,0.11855480269508076
id19153,0.08965982443791806,0.0639199156153268,0.8464202599467552
id10295,0.3072289843966519,0.13330976957279195,0.5594612460305562
id23038,0.2558750554327275,0.6088037490319808,0.13532119553529173
id23783,0.5174439539884552,0.44429010466614327,0.038265941345401525
id27879,0.8004745285603002,0.15163376400606324,0.04789170743363651
id19190,0.147915401901924,0.80341414472375,0.048670453374325996
id05065,0.825312748208677,0.06308722679987656,0.11160002499144644
id21296,0.19981991360726226,0.7078074107583577,0.09237267563438
id13262,0.3343677597232264,0.13477929079851186,0.5308529494782617
id10333,0.663927582454802,0.18746426242295103,0.1486081551222469
id16677,0.32119737001067056,0.27798704741919283,0.40081558257013666
id01392,0.5376933356729887,0.11451992427099808,0.34778674005601323
id27874,0.5658492812772771,0.1723892900991326,0.2617614286235905
id02294,0.043883986951526906,0.831897772118536,0.12421824092993704
id18298,0.06604604011142047,0.031295761842263126,0.9026581980463164
id06997,0.8281330696639098,0.07454905088434371,0.09731787945174665
id05243,0.5627599428159237,0.264068707354239,0.17317134982983737
id00860,0.1123644016253122,0.6729599905111678,0.21467560786351997
id26681,0.7506609004286926,0.19608258150336785,0.05325651806793945
id06020,0.03297893041468556,0.01043320882207701,0.9565878607632375
id27683,0.5709318962206232,0.11350593147916548,0.3155621723002113
id17655,0.16539495937140114,0.8091423929881707,0.025462647640428188
id08817,0.1046859892382356,0.09428878883448324,0.8010252219272811
id11512,0.03741233963193472,0.3323175863929071,0.6302700739751581
id00478,0.19772988123043655,0.3940670038244023,0.4082031149451612
id02116,0.9242930384685275,0.03252964364374542,0.04317731788772704
id06746,0.8275203243729367,0.10376223781125234,0.06871743781581088
id03863,0.6895211408038104,0.2515672309368346,0.05891162825935499
id01802,0.47148166578902573,0.2697233904957195,0.25879494371525485
id11682,0.8249887052188428,0.05851904491840155,0.11649224986275582
id04033,0.13967710604016256,0.7405707298083212,0.1197521641515163
id09286,0.1655571087731106,0.596151632497045,0.23829125872984439
id12904,0.8144159821645063,0.09371062971465319,0.09187338812084055
id07420,0.038403860762237514,0.027226476521017364,0.9343696627167453
id22398,0.011643728154535472,0.9741585377355164,0.014197734109948188
id00424,0.15210958645834305,0.030509407314464394,0.8173810062271926
id20960,0.669192248704065,0.24225571158236608,0.08855203971356887
id10267,0.7313457840646589,0.20592578990582885,0.06272842602951223
id19330,0.48814633801995766,0.07051780194343514,0.441335860036607
id00994,0.1363129709214961,0.7644621053680046,0.09922492371049929
id10785,0.4579819167812772,0.37711703707297406,0.1649010461457487
id00955,0.19056718433957853,0.7088745012513313,0.10055831440909008
id09757,0.04766231721564726,0.9328596205599359,0.019478062224416844
id10030,0.27187611729195305,0.13575020478294325,0.5923736779251036
id22952,0.2111423418894438,0.28027900469231504,0.5085786534182412
id21955,0.015912699805193206,0.03780137613128703,0.9462859240635199
id07674,0.45670611734590594,0.24094541582686763,0.30234846682722655
id13760,0.3459403979585072,0.6046186221444366,0.04944097989705633
id18166,0.6794490994577729,0.027823451755462268,0.2927274487867649
id23498,0.6964387784242511,0.265367531556973,0.03819369001877579
id05296,0.9123966462062216,0.033654939865628446,0.05394841392814978
id26709,0.5846598554570585,0.19894929846028878,0.2163908460826526
id02853,0.9300192178774601,0.04559153157888952,0.024389250543650435
id06800,0.4799602841329662,0.312630289718165,0.2074094261488689
id14758,0.3417511386176402,0.5353706954311592,0.12287816595120057
id12356,0.8989097432776162,0.08132668649112831,0.019763570231255526
id21492,0.602414053879183,0.12994883880751246,0.2676371073133046
id27540,0.2911217012628494,0.20281517820926917,0.5060631205278814
id07376,0.24087275092475172,0.466982844178807,0.2921444048964413
id15201,0.4905434882370815,0.24146151463147486,0.26799499713144376
id23388,0.062095317245313836,0.8699001987964088,0.06800448395827736
id13923,0.06996194440278501,0.8914530126242972,0.03858504297291783
id00794,0.034650103636190824,0.879199925002298,0.08614997136151109
id23910,0.18067678421847994,0.11900200348644839,0.7003212122950717
id02556,0.09962423516994684,0.33916585692314427,0.5612099079069088
id22151,0.017707425882073854,0.9659638490401152,0.016328725077811027
id11698,0.37693628425195724,0.48722692795468514,0.13583678779335767
id11627,0.4036230129378084,0.1457578391177526,0.45061914794443897
id06340,0.8864156761218654,0.06286438544219818,0.05071993843593636
id05123,0.9606398984327538,0.0106217002134807,0.0287384013537655
id26620,0.014255290593280071,0.008565568912613784,0.977179140494106
id04002,0.12200528577992904,0.1858830857216163,0.6921116284984548
id26554,0.27238455935941946,0.48473120882539883,0.24288423181518157
id18012,0.22887372594160757,0.2906896216146927,0.48043665244369976
id12964,0.22982821827668273,0.11730751529408556,0.6528642664292317
id18965,0.18151729213151535,0.37236631166483514,0.44611639620364946
id19082,0.32967291561380724,0.1597328735051082,0.5105942108810845
id26742,0.11511622070784347,0.034416477952660014,0.8504673013394966
id15442,0.20412034046861613,0.7389389035825764,0.05694075594880746
id16647,0.567022420826236,0.13844734466111924,0.29453023451264476
id11544,0.2826879889372761,0.03687088139047295,0.6804411296722509
id20581,0.3722309991996442,0.10499241923188786,0.522776581568468
id13192,0.34635453705916475,0.29689019673614336,0.3567552662046918
id15814,0.1538336752757555,0.6340798012769374,0.21208652344730708
id26279,0.3202205070752973,0.6252899952116975,0.05448949771300527
id00240,0.8585979426894313,0.05329229880474316,0.08810975850582535
id22836,0.8276668044049594,0.07663189344258738,0.09570130215245322
id15085,0.164810294497981,0.5169908215050998,0.3181988839969193
id17495,0.5115978502357078,0.07856015624285242,0.4098419935214397
id26762,0.4562567061918568,0.3509865363407917,0.19275675746735157
id13685,0.859493590455945,0.014780156011743584,0.1257262535323113
id16560,0.10808422773801984,0.8629252938151846,0.02899047844679555
id17184,0.015634172806259436,0.9753291623442099,0.0090366648495306
id21635,0.9583170143387603,0.01871468528799154,0.022968300373248256
id26751,0.32187336128216343,0.5778561908416201,0.10027044787621642
id12351,0.7384766053906465,0.07085685394809378,0.19066654066125965
id14872,0.7456266357100159,0.16336046279839547,0.09101290149158868
id18372,0.8408622703871437,0.09051484325584383,0.06862288635701255
id26851,0.6108977950272445,0.17724564721103614,0.21185655776171938
id22659,0.6107881766192411,0.3552042245900917,0.03400759879066715
id04102,0.0650339128274462,0.014310597870858376,0.9206554893016954
id02353,0.14559829885504982,0.7870372007604836,0.06736450038446673
id26721,0.8685915815999924,0.08122755021268697,0.05018086818732051
id11171,0.2740287815999554,0.1748237541998557,0.5511474642001889
id13562,0.23691400115287722,0.6645190734760567,0.09856692537106601
id26425,0.5931181601772619,0.0882470506850328,0.3186347891377052
id26394,0.3988008045826194,0.3071201891397094,0.2940790062776712
id22187,0.32563460860133897,0.5681161298151134,0.10624926158354771
id00422,0.8269392687855259,0.033005775676750754,0.14005495553772315
id22667,0.012507206928640524,0.9810243362404606,0.006468456830898999
id00911,0.4415158444127512,0.4097989292805941,0.14868522630665462
id17291,0.5383309145255134,0.12133644292072489,0.3403326425537617
id01915,0.3059844349138911,0.2720774978787429,0.42193806720736604
id01434,0.17313182639821026,0.10151129766737406,0.7253568759344157
id01584,0.4387587302262166,0.18291301177529432,0.3783282579984891
id09266,0.9114918181022954,0.0416510932307605,0.046857088666944144
id17494,0.05314477987731747,0.932580803376398,0.014274416746284406
id24919,0.2645701115506059,0.28903093272701347,0.44639895572238075
id21043,0.23355428231747105,0.008764949498329292,0.7576807681841997
id17796,0.1707105813075602,0.7801446105524563,0.04914480813998354
id02166,0.24311379502804495,0.1322651209869378,0.6246210839850173
id17503,0.9169244877475963,0.048928274836846204,0.03414723741555752
id21203,0.6512631250764065,0.1343298651119735,0.21440700981162
id25626,0.9694946385933357,0.01820771857932078,0.012297642827343504
id09836,0.9399564712537545,0.05040601140733687,0.009637517338908592
id24202,0.13313763612746182,0.2680504758151724,0.5988118880573657
id27260,0.49260413549619403,0.19824003846157745,0.3091558260422286
id23167,0.05443057491429975,0.01144125169139338,0.9341281733943069
id10393,0.03319035560559641,0.954529095371656,0.0122805490227474
id01171,0.9101742057296323,0.05832801935399044,0.031497774916377314
id06380,0.803597743309986,0.07694622596827433,0.11945603072173967
id22686,0.24425490415022064,0.01920697189669119,0.7365381239530882
id26250,0.2760394563180377,0.04969763390877618,0.6742629097731861
id09315,0.371774337071588,0.5186112010689875,0.10961446185942458
id00886,0.16893966578116895,0.396816777416549,0.43424355680228194
id03101,0.666336870610679,0.1339936141474529,0.19966951524186793
id12367,0.6950432942370097,0.12805766633128365,0.17689903943170668
id10770,0.6480273346856321,0.08530379254262016,0.2666688727717478
id14949,0.25227356390586636,0.6555258693482238,0.09220056674590998
id14141,0.1633510732008313,0.7685043712107987,0.06814455558837003
id25417,0.5402485079381294,0.33752190597227244,0.12222958608959805
id26873,0.6462133784029251,0.13293978693617609,0.22084683466089874
id10818,0.1891024486764975,0.1281710848496031,0.6827264664738993
id15146,0.6137664319364511,0.08696799632897434,0.2992655717345746
id23328,0.6449728147145044,0.21357246714873118,0.14145471813676436
id16765,0.645133296494437,0.2880792637502584,0.0667874397553047
id24383,0.7958974052013881,0.03215999543885882,0.17194259935975315
id21304,0.6020044245600946,0.14485574418199343,0.25313983125791195
id12551,0.12785953891250287,0.777556093729352,0.09458436735814514
id23274,0.32953650222576,0.2303054938899397,0.4401580038843003
id08117,0.5579335620977921,0.19445289212447175,0.24761354577773623
id23961,0.6637663761899999,0.14984156002445329,0.18639206378554676
id13865,0.15031899827552156,0.7141322023587803,0.13554879936569805
id22807,0.28074554134794427,0.24509953830378248,0.47415492034827317
id08951,0.33148698794241155,0.25110226032952593,0.41741075172806247
id18684,0.9329163514042633,0.039235217215839266,0.027848431379897398
id25179,0.3217564401552474,0.4079378386471491,0.2703057211976035
id27033,0.6875853867187405,0.19751783492455222,0.11489677835670734
id13977,0.13000938131312192,0.5067768230578176,0.36321379562906053
id19337,0.04454129102730494,0.8777312929138725,0.07772741605882257
id25764,0.027934024769812504,0.9157660722792852,0.05629990295090238
id16106,0.15696292765583017,0.1595691707968167,0.6834679015473533
id05468,0.05539988532484956,0.030351332715920585,0.9142487819592299
id05241,0.9132395404903025,0.030055853627078143,0.056704605882619205
id10215,0.5282424586685199,0.20923008500831555,0.2625274563231645
